%YAML:1.0
aruco_bc_nmarkers: 1
aruco_bc_mInfoType: 1
aruco_bc_markers:
   - { id:985, corners:[ [ -4.4499999284744263e-01,
       -4.4499999284744263e-01, 0. ], [ 4.4499999284744263e-01,
       -4.4499999284744263e-01, 0. ], [ 4.4499999284744263e-01,
       4.4499999284744263e-01, 0. ], [ -4.4499999284744263e-01,
       4.4499999284744263e-01, 0. ] ] }
