%YAML:1.0
aruco_bc_nmarkers: 2
aruco_bc_mInfoType: 2
aruco_bc_markers:
   - { id:985, corners:[ [ -4.4499999284744263e-01,
       -4.4499999284744263e-01, 0. ], [ 4.4499999284744263e-01,
       -4.4499999284744263e-01, 0. ], [ 4.4499999284744263e-01,
       4.4499999284744263e-01, 0. ], [ -4.4499999284744263e-01,
       4.4499999284744263e-01, 0. ] ] }
   - { id:675, corners:[ [ -9.7499996423721313e-02,
       -9.7499996423721313e-02, 0. ], [ 9.7499996423721313e-02,
       -9.7499996423721313e-02, 0. ], [ 9.7499996423721313e-02,
       9.7499996423721313e-02, 0. ], [ -9.7499996423721313e-02,
       9.7499996423721313e-02, 0. ] ] }
